Features                 Label        Spam   Not spam
1,1,0,0,1,1,0,0,0,0,0,0  Not spam      1%    99%
0,0,1,1,0,0,1,1,1,0,0,1  Spam          57%    43%
1,1,1,1,1,0,1,0,0,0,1,1  Spam          59%    41%
0,1,0,0,0,0,1,0,1,0,0,0  Not spam      1%    99%
1,1,1,0,1,1,0,1,0,0,1,1  Not spam      39%    61%
1,1,1,1,1,1,0,0,0,1,1,1  Spam          55%    45%
0,0,0,0,1,1,0,1,0,0,0,0  Not spam      1%    99%
0,1,0,1,1,1,1,0,0,0,1,1  Not spam      14%    86%
1,1,1,1,1,0,1,0,0,1,0,1  Spam          83%    17%
1,1,0,0,0,1,0,1,0,0,1,0  Not spam      3%    97%